m_e = 9.109384e-31
m_i = 1.672622e-27

q_e = 1.602177e-19

k=1.380649e-23


T=1500

phi = (T*k/q_e)*log((pi*m_e)/(8*m_i))